https://www.h-schmidt.net/FloatConverter/IEEE754.html
http://www.unixtimestamp.com/index.php
http://www.topografix.com/gpx/1/1/

0 0 0 3
0 0 1 87 15 174 35 8 65 163 195 216 66 51 61 48 67 1 124 18 0 0 0 0 0 0 0 0 0 0 0 0 0 0 0 0 0 0
0 0 1 87 15 174 38 240 65 163 195 225 66 51 61 26 67 1 143 255 0 0 66 7 201 65 0 0 3 232 0 0 0 9 0 1 0 0
0 0 1 87 15 174 50 168 65 163 195 243 66 51 60 250 67 1 170 101 0 0 65 132 224 15 0 0 15 160 0 0 0 23 0 1 0 0

00000003
000001570fae2308 41a3c3d8 42333d30 43017c12 000000000000000000000000000000000000
000001570fae26f0 41a3c3e1 42333d1a 43018fff 00004207c941000003e80000000900010000
000001570fae32a8 41a3c3f3 42333cfa 4301aa65 00004184e00f00000fa00000001700010000
